8e-07, 0.970232
7.992e-07, 0.970237
7.98402e-07, 0.970241
7.97605e-07, 0.970243
7.9681e-07, 0.970242
7.96016e-07, 0.970239
7.95224e-07, 0.970232
7.94433e-07, 0.970223
7.93644e-07, 0.970211
7.92857e-07, 0.970196
7.92071e-07, 0.970179
7.91287e-07, 0.970161
7.90504e-07, 0.970141
7.89723e-07, 0.970121
7.88944e-07, 0.970101
7.88166e-07, 0.970083
7.87389e-07, 0.970066
7.86614e-07, 0.970051
7.85841e-07, 0.970039
7.85069e-07, 0.970031
7.84298e-07, 0.970026
7.83529e-07, 0.970024
7.82762e-07, 0.970026
7.81996e-07, 0.970031
7.81232e-07, 0.970039
7.80469e-07, 0.97005
7.79707e-07, 0.970062
7.78947e-07, 0.970075
7.78189e-07, 0.970089
7.77432e-07, 0.970102
7.76676e-07, 0.970114
7.75922e-07, 0.970124
7.7517e-07, 0.970131
7.74419e-07, 0.970135
7.73669e-07, 0.970135
7.72921e-07, 0.970132
7.72174e-07, 0.970125
7.71429e-07, 0.970114
7.70685e-07, 0.9701
7.69942e-07, 0.970084
7.69201e-07, 0.970064
7.68462e-07, 0.970044
7.67723e-07, 0.970022
7.66987e-07, 0.970001
7.66251e-07, 0.96998
7.65517e-07, 0.969961
7.64785e-07, 0.969943
7.64054e-07, 0.969929
7.63324e-07, 0.969918
7.62595e-07, 0.96991
7.61868e-07, 0.969905
7.61143e-07, 0.969904
7.60419e-07, 0.969906
7.59696e-07, 0.96991
7.58974e-07, 0.969916
7.58254e-07, 0.969924
7.57536e-07, 0.969933
7.56818e-07, 0.969942
7.56102e-07, 0.96995
7.55388e-07, 0.969957
7.54674e-07, 0.969962
7.53962e-07, 0.969965
7.53252e-07, 0.969965
7.52542e-07, 0.969963
7.51834e-07, 0.969957
7.51128e-07, 0.969949
7.50423e-07, 0.969939
7.49719e-07, 0.969927
7.49016e-07, 0.969913
7.48315e-07, 0.969898
7.47615e-07, 0.969883
7.46916e-07, 0.969869
7.46218e-07, 0.969855
7.45522e-07, 0.969843
7.44828e-07, 0.969833
7.44134e-07, 0.969826
7.43442e-07, 0.969821
7.42751e-07, 0.969819
7.42061e-07, 0.969819
7.41373e-07, 0.969821
7.40686e-07, 0.969826
7.4e-07, 0.969831
7.39315e-07, 0.969838
7.38632e-07, 0.969844
7.3795e-07, 0.96985
7.37269e-07, 0.969855
7.3659e-07, 0.969858
7.35912e-07, 0.969858
7.35235e-07, 0.969856
7.34559e-07, 0.96985
7.33884e-07, 0.969841
7.33211e-07, 0.969829
7.32539e-07, 0.969815
7.31868e-07, 0.969797
7.31199e-07, 0.969778
7.3053e-07, 0.969758
7.29863e-07, 0.969737
7.29197e-07, 0.969716
7.28532e-07, 0.969697
7.27869e-07, 0.96968
7.27207e-07, 0.969665
7.26545e-07, 0.969654
7.25886e-07, 0.969647
7.25227e-07, 0.969643
7.24569e-07, 0.969644
7.23913e-07, 0.969648
7.23258e-07, 0.969656
7.22604e-07, 0.969667
7.21951e-07, 0.96968
7.213e-07, 0.969695
7.20649e-07, 0.969711
7.2e-07, 0.969726
7.19352e-07, 0.96974
7.18705e-07, 0.969752
7.18059e-07, 0.969761
7.17415e-07, 0.969766
7.16771e-07, 0.969767
7.16129e-07, 0.969764
7.15488e-07, 0.969756
7.14848e-07, 0.969743
7.14209e-07, 0.969727
7.13571e-07, 0.969706
7.12935e-07, 0.969683
7.12299e-07, 0.969658
7.11665e-07, 0.969631
7.11032e-07, 0.969604
7.104e-07, 0.969578
7.09769e-07, 0.969554
7.09139e-07, 0.969532
7.08511e-07, 0.969514
7.07883e-07, 0.9695
7.07257e-07, 0.969491
7.06631e-07, 0.969486
7.06007e-07, 0.969485
7.05384e-07, 0.969489
7.04762e-07, 0.969497
7.04141e-07, 0.969508
7.03521e-07, 0.969521
7.02902e-07, 0.969535
7.02285e-07, 0.96955
7.01668e-07, 0.969565
7.01053e-07, 0.969578
7.00438e-07, 0.969588
6.99825e-07, 0.969595
6.99213e-07, 0.969599
6.98601e-07, 0.969599
6.97991e-07, 0.969594
6.97382e-07, 0.969586
6.96774e-07, 0.969573
6.96167e-07, 0.969558
6.95561e-07, 0.969539
6.94957e-07, 0.969519
6.94353e-07, 0.969498
6.9375e-07, 0.969477
6.93148e-07, 0.969456
6.92548e-07, 0.969438
6.91948e-07, 0.969421
6.91349e-07, 0.969408
6.90752e-07, 0.969398
6.90155e-07, 0.969391
6.8956e-07, 0.969388
6.88966e-07, 0.969389
6.88372e-07, 0.969393
6.8778e-07, 0.969399
6.87188e-07, 0.969407
6.86598e-07, 0.969417
6.86009e-07, 0.969426
6.8542e-07, 0.969434
6.84833e-07, 0.969441
6.84247e-07, 0.969446
6.83661e-07, 0.969448
6.83077e-07, 0.969446
6.82494e-07, 0.96944
6.81911e-07, 0.969431
6.8133e-07, 0.969418
6.8075e-07, 0.969401
6.8017e-07, 0.969382
6.79592e-07, 0.969361
6.79014e-07, 0.969339
6.78438e-07, 0.969316
6.77863e-07, 0.969294
6.77288e-07, 0.969274
6.76715e-07, 0.969257
6.76142e-07, 0.969243
6.75571e-07, 0.969233
6.75e-07, 0.969227
6.7443e-07, 0.969226
6.73862e-07, 0.969229
6.73294e-07, 0.969237
6.72727e-07, 0.969248
6.72161e-07, 0.969262
6.71597e-07, 0.969278
6.71033e-07, 0.969295
6.7047e-07, 0.969312
6.69908e-07, 0.969327
6.69347e-07, 0.96934
6.68787e-07, 0.96935
6.68227e-07, 0.969355
6.67669e-07, 0.969355
6.67112e-07, 0.969351
6.66555e-07, 0.969341
6.66e-07, 0.969325
6.65445e-07, 0.969305
6.64892e-07, 0.969281
6.64339e-07, 0.969253
6.63787e-07, 0.969223
6.63237e-07, 0.969192
6.62687e-07, 0.969161
6.62138e-07, 0.969132
6.61589e-07, 0.969105
6.61042e-07, 0.969081
6.60496e-07, 0.969062
6.5995e-07, 0.969048
6.59406e-07, 0.96904
6.58862e-07, 0.969037
6.5832e-07, 0.96904
6.57778e-07, 0.969048
6.57237e-07, 0.969061
6.56697e-07, 0.969077
6.56158e-07, 0.969096
6.55619e-07, 0.969116
6.55082e-07, 0.969136
6.54545e-07, 0.969155
6.5401e-07, 0.969171
6.53475e-07, 0.969184
6.52941e-07, 0.969193
6.52408e-07, 0.969197
6.51876e-07, 0.969195
6.51345e-07, 0.969188
6.50814e-07, 0.969176
6.50285e-07, 0.969159
6.49756e-07, 0.969137
6.49228e-07, 0.969112
6.48701e-07, 0.969085
6.48175e-07, 0.969057
6.4765e-07, 0.969028
6.47126e-07, 0.969001
6.46602e-07, 0.968977
6.46079e-07, 0.968956
6.45557e-07, 0.968939
6.45036e-07, 0.968927
6.44516e-07, 0.968919
6.43997e-07, 0.968917
6.43478e-07, 0.968919
6.42961e-07, 0.968926
6.42444e-07, 0.968936
6.41928e-07, 0.968949
6.41413e-07, 0.968962
6.40898e-07, 0.968977
6.40385e-07, 0.96899
6.39872e-07, 0.969001
6.3936e-07, 0.969009
6.38849e-07, 0.969013
6.38339e-07, 0.969013
6.37829e-07, 0.969009
6.37321e-07, 0.968999
6.36813e-07, 0.968985
6.36306e-07, 0.968967
6.358e-07, 0.968945
6.35294e-07, 0.968921
6.3479e-07, 0.968895
6.34286e-07, 0.968869
6.33783e-07, 0.968844
6.33281e-07, 0.968821
6.32779e-07, 0.968801
6.32278e-07, 0.968785
6.31779e-07, 0.968774
6.3128e-07, 0.968767
6.30781e-07, 0.968766
6.30284e-07, 0.968771
6.29787e-07, 0.968779
6.29291e-07, 0.968792
6.28796e-07, 0.968808
6.28302e-07, 0.968826
6.27808e-07, 0.968845
6.27316e-07, 0.968863
6.26824e-07, 0.968879
6.26332e-07, 0.968892
6.25842e-07, 0.968901
6.25352e-07, 0.968904
6.24863e-07, 0.968902
6.24375e-07, 0.968894
6.23888e-07, 0.96888
6.23401e-07, 0.96886
6.22915e-07, 0.968834
6.2243e-07, 0.968805
6.21946e-07, 0.968772
6.21462e-07, 0.968738
6.20979e-07, 0.968703
6.20497e-07, 0.968669
6.20016e-07, 0.968638
6.19535e-07, 0.968611
6.19055e-07, 0.968588
6.18576e-07, 0.968572
6.18097e-07, 0.968561
6.1762e-07, 0.968558
6.17143e-07, 0.968561
6.16667e-07, 0.96857
6.16191e-07, 0.968585
6.15716e-07, 0.968604
6.15242e-07, 0.968627
6.14769e-07, 0.968651
6.14297e-07, 0.968675
6.13825e-07, 0.968698
6.13354e-07, 0.968719
6.12883e-07, 0.968735
6.12414e-07, 0.968747
6.11945e-07, 0.968752
6.11477e-07, 0.968751
6.11009e-07, 0.968743
6.10542e-07, 0.968729
6.10076e-07, 0.968708
6.09611e-07, 0.968682
6.09146e-07, 0.968652
6.08682e-07, 0.968619
6.08219e-07, 0.968584
6.07757e-07, 0.968549
6.07295e-07, 0.968516
6.06834e-07, 0.968485
6.06373e-07, 0.968459
6.05914e-07, 0.968438
6.05455e-07, 0.968422
6.04996e-07, 0.968413
6.04539e-07, 0.96841
6.04082e-07, 0.968413
6.03625e-07, 0.968422
6.0317e-07, 0.968435
6.02715e-07, 0.968452
6.02261e-07, 0.968471
6.01807e-07, 0.968491
6.01354e-07, 0.96851
6.00902e-07, 0.968526
6.00451e-07, 0.96854
6e-07, 0.968548
5.9955e-07, 0.968552
5.991e-07, 0.968549
5.98652e-07, 0.968541
5.98204e-07, 0.968526
5.97756e-07, 0.968506
5.97309e-07, 0.968482
5.96863e-07, 0.968454
5.96418e-07, 0.968424
5.95973e-07, 0.968393
5.95529e-07, 0.968362
5.95086e-07, 0.968334
5.94643e-07, 0.968309
5.94201e-07, 0.968289
5.93759e-07, 0.968273
5.93318e-07, 0.968264
5.92878e-07, 0.968261
5.92439e-07, 0.968264
5.92e-07, 0.968273
5.91562e-07, 0.968287
5.91124e-07, 0.968304
5.90687e-07, 0.968324
5.90251e-07, 0.968345
5.89815e-07, 0.968366
5.89381e-07, 0.968385
5.88946e-07, 0.9684
5.88513e-07, 0.96841
5.88079e-07, 0.968415
5.87647e-07, 0.968413
5.87215e-07, 0.968404
5.86784e-07, 0.968389
5.86354e-07, 0.968367
5.85924e-07, 0.968339
5.85495e-07, 0.968306
5.85066e-07, 0.968271
5.84638e-07, 0.968233
5.84211e-07, 0.968194
5.83784e-07, 0.968158
5.83358e-07, 0.968124
5.82932e-07, 0.968095
5.82507e-07, 0.968071
5.82083e-07, 0.968054
5.81659e-07, 0.968045
5.81236e-07, 0.968043
5.80814e-07, 0.968049
5.80392e-07, 0.968062
5.79971e-07, 0.96808
5.7955e-07, 0.968103
5.7913e-07, 0.96813
5.78711e-07, 0.968158
5.78292e-07, 0.968186
5.77874e-07, 0.968211
5.77457e-07, 0.968233
5.7704e-07, 0.96825
5.76623e-07, 0.96826
5.76208e-07, 0.968264
5.75793e-07, 0.968259
5.75378e-07, 0.968246
5.74964e-07, 0.968226
5.74551e-07, 0.968199
5.74138e-07, 0.968167
5.73726e-07, 0.96813
5.73314e-07, 0.96809
5.72903e-07, 0.968049
5.72493e-07, 0.96801
5.72083e-07, 0.967972
5.71674e-07, 0.967939
5.71265e-07, 0.967911
5.70857e-07, 0.96789
5.7045e-07, 0.967876
5.70043e-07, 0.96787
5.69636e-07, 0.967871
5.69231e-07, 0.96788
5.68826e-07, 0.967894
5.68421e-07, 0.967913
5.68017e-07, 0.967936
5.67614e-07, 0.96796
5.67211e-07, 0.967985
5.66809e-07, 0.968007
5.66407e-07, 0.968026
5.66006e-07, 0.968041
5.65605e-07, 0.96805
5.65205e-07, 0.968051
5.64806e-07, 0.968046
5.64407e-07, 0.968034
5.64008e-07, 0.968014
5.63611e-07, 0.967989
5.63214e-07, 0.967958
5.62817e-07, 0.967924
5.62421e-07, 0.967888
5.62025e-07, 0.967852
5.6163e-07, 0.967817
5.61236e-07, 0.967785
5.60842e-07, 0.967758
5.60449e-07, 0.967737
5.60056e-07, 0.967722
5.59664e-07, 0.967714
5.59272e-07, 0.967714
5.58881e-07, 0.96772
5.58491e-07, 0.967733
5.58101e-07, 0.967751
5.57711e-07, 0.967773
5.57322e-07, 0.967797
5.56934e-07, 0.967821
5.56546e-07, 0.967844
5.56159e-07, 0.967864
5.55772e-07, 0.967879
5.55386e-07, 0.967888
5.55e-07, 0.967889
5.54615e-07, 0.967884
5.5423e-07, 0.96787
5.53846e-07, 0.967849
5.53463e-07, 0.96782
5.5308e-07, 0.967786
5.52697e-07, 0.967748
5.52315e-07, 0.967707
5.51934e-07, 0.967665
5.51553e-07, 0.967623
5.51172e-07, 0.967585
5.50793e-07, 0.967552
5.50413e-07, 0.967524
5.50034e-07, 0.967504
5.49656e-07, 0.967492
5.49278e-07, 0.967489
5.48901e-07, 0.967494
5.48524e-07, 0.967506
5.48148e-07, 0.967526
5.47772e-07, 0.967551
5.47397e-07, 0.96758
5.47023e-07, 0.967611
5.46648e-07, 0.967641
5.46275e-07, 0.96767
5.45902e-07, 0.967695
5.45529e-07, 0.967714
5.45157e-07, 0.967726
5.44785e-07, 0.967729
5.44414e-07, 0.967724
5.44044e-07, 0.967711
5.43673e-07, 0.967688
5.43304e-07, 0.967658
5.42935e-07, 0.967622
5.42566e-07, 0.967581
5.42198e-07, 0.967536
5.41831e-07, 0.967491
5.41463e-07, 0.967446
5.41097e-07, 0.967405
5.40731e-07, 0.967368
5.40365e-07, 0.967338
5.4e-07, 0.967315
5.39635e-07, 0.9673
5.39271e-07, 0.967295
5.38908e-07, 0.967298
5.38544e-07, 0.967308
5.38182e-07, 0.967326
5.3782e-07, 0.967349
5.37458e-07, 0.967376
5.37097e-07, 0.967405
5.36736e-07, 0.967433
5.36376e-07, 0.967459
5.36016e-07, 0.967481
5.35657e-07, 0.967498
5.35298e-07, 0.967507
5.3494e-07, 0.967508
5.34582e-07, 0.967501
5.34225e-07, 0.967486
5.33868e-07, 0.967463
5.33511e-07, 0.967433
5.33155e-07, 0.967397
5.328e-07, 0.967358
5.32445e-07, 0.967316
5.32091e-07, 0.967275
5.31737e-07, 0.967236
5.31383e-07, 0.9672
5.3103e-07, 0.967171
5.30677e-07, 0.967147
5.30325e-07, 0.967132
5.29973e-07, 0.967125
5.29622e-07, 0.967127
5.29272e-07, 0.967136
5.28921e-07, 0.967152
5.28571e-07, 0.967173
5.28222e-07, 0.967199
5.27873e-07, 0.967226
5.27525e-07, 0.967254
5.27177e-07, 0.967279
5.26829e-07, 0.967301
5.26482e-07, 0.967316
5.26136e-07, 0.967325
5.25789e-07, 0.967325
5.25444e-07, 0.967317
5.25099e-07, 0.9673
5.24754e-07, 0.967274
5.24409e-07, 0.967242
5.24066e-07, 0.967203
5.23722e-07, 0.967159
5.23379e-07, 0.967113
5.23037e-07, 0.967067
5.22695e-07, 0.967023
5.22353e-07, 0.966982
5.22012e-07, 0.966948
5.21671e-07, 0.96692
5.21331e-07, 0.966902
5.20991e-07, 0.966892
5.20651e-07, 0.966892
5.20313e-07, 0.966901
5.19974e-07, 0.966919
5.19636e-07, 0.966943
5.19298e-07, 0.966973
5.18961e-07, 0.967006
5.18624e-07, 0.96704
5.18288e-07, 0.967072
5.17952e-07, 0.967102
5.17617e-07, 0.967126
5.17282e-07, 0.967143
5.16947e-07, 0.967151
5.16613e-07, 0.96715
5.16279e-07, 0.967139
5.15946e-07, 0.967118
5.15613e-07, 0.967089
5.1528e-07, 0.967051
5.14948e-07, 0.967008
5.14617e-07, 0.966961
5.14286e-07, 0.966911
5.13955e-07, 0.966862
5.13625e-07, 0.966815
5.13295e-07, 0.966774
5.12965e-07, 0.966738
5.12636e-07, 0.966711
5.12308e-07, 0.966693
5.1198e-07, 0.966684
5.11652e-07, 0.966685
5.11324e-07, 0.966695
5.10997e-07, 0.966713
5.10671e-07, 0.966737
5.10345e-07, 0.966766
5.10019e-07, 0.966797
5.09694e-07, 0.966828
5.09369e-07, 0.966858
5.09045e-07, 0.966883
5.08721e-07, 0.966902
5.08397e-07, 0.966914
5.08074e-07, 0.966917
5.07751e-07, 0.966911
5.07429e-07, 0.966895
5.07107e-07, 0.966871
5.06785e-07, 0.966839
5.06464e-07, 0.966801
5.06143e-07, 0.966758
5.05823e-07, 0.966712
5.05503e-07, 0.966667
5.05183e-07, 0.966623
5.04864e-07, 0.966583
5.04545e-07, 0.96655
5.04227e-07, 0.966524
5.03909e-07, 0.966506
5.03592e-07, 0.966498
5.03275e-07, 0.966499
5.02958e-07, 0.966509
5.02642e-07, 0.966527
5.02326e-07, 0.966551
5.0201e-07, 0.966579
5.01695e-07, 0.96661
5.0138e-07, 0.966641
5.01066e-07, 0.966669
5.00752e-07, 0.966693
5.00438e-07, 0.966711
5.00125e-07, 0.96672
4.99812e-07, 0.966721
4.995e-07, 0.966712
4.99188e-07, 0.966693
4.98876e-07, 0.966665
4.98565e-07, 0.966628
4.98254e-07, 0.966585
4.97944e-07, 0.966537
4.97634e-07, 0.966486
4.97324e-07, 0.966436
4.97015e-07, 0.966387
4.96706e-07, 0.966343
4.96398e-07, 0.966306
4.96089e-07, 0.966277
4.95782e-07, 0.966258
4.95474e-07, 0.966249
4.95167e-07, 0.966251
4.94861e-07, 0.966262
4.94554e-07, 0.966282
4.94249e-07, 0.96631
4.93943e-07, 0.966343
4.93638e-07, 0.966379
4.93333e-07, 0.966416
4.93029e-07, 0.966452
4.92725e-07, 0.966483
4.92421e-07, 0.966507
4.92118e-07, 0.966523
4.91815e-07, 0.96653
4.91513e-07, 0.966526
4.91211e-07, 0.966512
4.90909e-07, 0.966487
4.90608e-07, 0.966453
4.90307e-07, 0.966411
4.90006e-07, 0.966362
4.89706e-07, 0.96631
4.89406e-07, 0.966257
4.89106e-07, 0.966204
4.88807e-07, 0.966156
4.88509e-07, 0.966113
4.8821e-07, 0.966078
4.87912e-07, 0.966052
4.87614e-07, 0.966036
4.87317e-07, 0.966031
4.8702e-07, 0.966036
4.86724e-07, 0.96605
4.86427e-07, 0.966072
4.86131e-07, 0.966101
4.85836e-07, 0.966133
4.85541e-07, 0.966167
4.85246e-07, 0.9662
4.84951e-07, 0.966229
4.84657e-07, 0.966253
4.84364e-07, 0.96627
4.8407e-07, 0.966277
4.83777e-07, 0.966275
4.83485e-07, 0.966262
4.83192e-07, 0.96624
4.829e-07, 0.966208
4.82609e-07, 0.966169
4.82317e-07, 0.966124
4.82027e-07, 0.966076
4.81736e-07, 0.966026
4.81446e-07, 0.965978
4.81156e-07, 0.965934
4.80866e-07, 0.965896
4.80577e-07, 0.965865
4.80288e-07, 0.965844
4.8e-07, 0.965832
4.79712e-07, 0.965831
4.79424e-07, 0.96584
4.79137e-07, 0.965858
4.7885e-07, 0.965882
4.78563e-07, 0.965913
4.78276e-07, 0.965946
4.7799e-07, 0.96598
4.77705e-07, 0.966012
4.77419e-07, 0.96604
4.77134e-07, 0.96606
4.7685e-07, 0.966073
4.76565e-07, 0.966075
4.76281e-07, 0.966067
4.75998e-07, 0.966048
4.75714e-07, 0.966018
4.75431e-07, 0.965979
4.75149e-07, 0.965932
4.74866e-07, 0.96588
4.74584e-07, 0.965825
4.74303e-07, 0.965769
4.74021e-07, 0.965715
4.7374e-07, 0.965666
4.7346e-07, 0.965625
4.73179e-07, 0.965592
4.72899e-07, 0.965569
4.7262e-07, 0.965558
4.7234e-07, 0.965559
4.72061e-07, 0.965571
4.71783e-07, 0.965593
4.71504e-07, 0.965623
4.71226e-07, 0.965659
4.70949e-07, 0.965699
4.70671e-07, 0.96574
4.70394e-07, 0.965779
4.70118e-07, 0.965814
4.69841e-07, 0.965841
4.69565e-07, 0.96586
4.69289e-07, 0.965868
4.69014e-07, 0.965864
4.68739e-07, 0.965848
4.68464e-07, 0.965821
4.6819e-07, 0.965784
4.67916e-07, 0.965738
4.67642e-07, 0.965685
4.67368e-07, 0.965628
4.67095e-07, 0.96557
4.66822e-07, 0.965514
4.6655e-07, 0.965461
4.66278e-07, 0.965416
4.66006e-07, 0.965379
4.65734e-07, 0.965352
4.65463e-07, 0.965337
4.65192e-07, 0.965333
4.64921e-07, 0.96534
4.64651e-07, 0.965357
4.64381e-07, 0.965382
4.64111e-07, 0.965413
4.63842e-07, 0.965448
4.63573e-07, 0.965484
4.63304e-07, 0.965518
4.63036e-07, 0.965548
4.62768e-07, 0.965571
4.625e-07, 0.965586
4.62233e-07, 0.96559
4.61965e-07, 0.965583
4.61698e-07, 0.965566
4.61432e-07, 0.965538
4.61166e-07, 0.965501
4.609e-07, 0.965456
4.60634e-07, 0.965406
4.60369e-07, 0.965353
4.60104e-07, 0.965301
4.59839e-07, 0.965251
4.59574e-07, 0.965206
4.5931e-07, 0.965169
4.59047e-07, 0.965141
4.58783e-07, 0.965124
4.5852e-07, 0.965118
4.58257e-07, 0.965123
4.57994e-07, 0.965139
4.57732e-07, 0.965163
4.5747e-07, 0.965194
4.57208e-07, 0.96523
4.56947e-07, 0.965268
4.56686e-07, 0.965305
4.56425e-07, 0.965337
4.56164e-07, 0.965364
4.55904e-07, 0.965381
4.55644e-07, 0.965388
4.55385e-07, 0.965383
4.55125e-07, 0.965366
4.54866e-07, 0.965337
4.54608e-07, 0.965297
4.54349e-07, 0.965247
4.54091e-07, 0.96519
4.53833e-07, 0.965129
4.53575e-07, 0.965066
4.53318e-07, 0.965005
4.53061e-07, 0.964948
4.52805e-07, 0.964899
4.52548e-07, 0.964859
4.52292e-07, 0.96483
4.52036e-07, 0.964815
4.51781e-07, 0.964813
4.51525e-07, 0.964823
4.5127e-07, 0.964846
4.51016e-07, 0.964878
4.50761e-07, 0.964918
4.50507e-07, 0.964963
4.50254e-07, 0.96501
4.5e-07, 0.965056
4.49747e-07, 0.965097
4.49494e-07, 0.96513
4.49241e-07, 0.965154
4.48989e-07, 0.965166
4.48737e-07, 0.965165
4.48485e-07, 0.96515
4.48233e-07, 0.965123
4.47982e-07, 0.965083
4.47731e-07, 0.965034
4.4748e-07, 0.964977
4.4723e-07, 0.964914
4.4698e-07, 0.96485
4.4673e-07, 0.964787
4.4648e-07, 0.964728
4.46231e-07, 0.964677
4.45982e-07, 0.964635
4.45733e-07, 0.964605
4.45485e-07, 0.964587
4.45237e-07, 0.964582
4.44989e-07, 0.964589
4.44741e-07, 0.964607
4.44494e-07, 0.964635
4.44247e-07, 0.964669
4.44e-07, 0.964707
4.43753e-07, 0.964747
4.43507e-07, 0.964784
4.43261e-07, 0.964817
4.43016e-07, 0.964841
4.4277e-07, 0.964856
4.42525e-07, 0.96486
4.4228e-07, 0.964851
4.42035e-07, 0.96483
4.41791e-07, 0.964797
4.41547e-07, 0.964755
4.41303e-07, 0.964704
4.4106e-07, 0.964648
4.40816e-07, 0.96459
4.40573e-07, 0.964532
4.40331e-07, 0.964479
4.40088e-07, 0.964431
4.39846e-07, 0.964394
4.39604e-07, 0.964367
4.39362e-07, 0.964352
4.39121e-07, 0.964351
4.3888e-07, 0.964362
4.38639e-07, 0.964385
4.38398e-07, 0.964417
4.38158e-07, 0.964456
4.37918e-07, 0.964499
4.37678e-07, 0.964543
4.37438e-07, 0.964585
4.37199e-07, 0.96462
4.3696e-07, 0.964647
4.36721e-07, 0.964663
4.36483e-07, 0.964666
4.36245e-07, 0.964654
4.36007e-07, 0.964628
4.35769e-07, 0.964589
4.35531e-07, 0.964537
4.35294e-07, 0.964475
4.35057e-07, 0.964406
4.3482e-07, 0.964333
4.34584e-07, 0.964261
4.34348e-07, 0.964191
4.34112e-07, 0.964129
4.33876e-07, 0.964077
4.33641e-07, 0.964037
4.33406e-07, 0.964012
4.33171e-07, 0.964002
4.32936e-07, 0.964008
4.32702e-07, 0.964029
4.32468e-07, 0.964063
4.32234e-07, 0.964107
4.32e-07, 0.964159
4.31767e-07, 0.964215
4.31533e-07, 0.964271
4.31301e-07, 0.964324
4.31068e-07, 0.964369
4.30836e-07, 0.964404
4.30603e-07, 0.964426
4.30372e-07, 0.964432
4.3014e-07, 0.964424
4.29909e-07, 0.964399
4.29677e-07, 0.96436
4.29447e-07, 0.964307
4.29216e-07, 0.964244
4.28986e-07, 0.964174
4.28755e-07, 0.9641
4.28525e-07, 0.964026
4.28296e-07, 0.963956
4.28066e-07, 0.963894
4.27837e-07, 0.963841
4.27608e-07, 0.963802
4.2738e-07, 0.963777
4.27151e-07, 0.963767
4.26923e-07, 0.963771
4.26695e-07, 0.96379
4.26467e-07, 0.96382
4.2624e-07, 0.963859
4.26013e-07, 0.963904
4.25786e-07, 0.963951
4.25559e-07, 0.963996
4.25333e-07, 0.964036
4.25106e-07, 0.964067
4.2488e-07, 0.964087
4.24655e-07, 0.964094
4.24429e-07, 0.964087
4.24204e-07, 0.964064
4.23979e-07, 0.964028
4.23754e-07, 0.96398
4.23529e-07, 0.963922
4.23305e-07, 0.963857
4.23081e-07, 0.963788
4.22857e-07, 0.963721
4.22634e-07, 0.963658
4.2241e-07, 0.963603
4.22187e-07, 0.963559
4.21964e-07, 0.963529
4.21741e-07, 0.963514
4.21519e-07, 0.963514
4.21297e-07, 0.96353
4.21075e-07, 0.96356
4.20853e-07, 0.963601
4.20632e-07, 0.963651
4.2041e-07, 0.963706
4.20189e-07, 0.963761
4.19968e-07, 0.963813
4.19748e-07, 0.963858
4.19528e-07, 0.963892
4.19307e-07, 0.963911
4.19088e-07, 0.963914
4.18868e-07, 0.9639
4.18649e-07, 0.963867
4.18429e-07, 0.963818
4.1821e-07, 0.963754
4.17992e-07, 0.963677
4.17773e-07, 0.963592
4.17555e-07, 0.963503
4.17337e-07, 0.963414
4.17119e-07, 0.96333
4.16901e-07, 0.963256
4.16684e-07, 0.963194
4.16467e-07, 0.963149
4.1625e-07, 0.963122
4.16033e-07, 0.963114
4.15817e-07, 0.963126
4.15601e-07, 0.963156
4.15385e-07, 0.963202
4.15169e-07, 0.963261
4.14953e-07, 0.963329
4.14738e-07, 0.963401
4.14523e-07, 0.963473
4.14308e-07, 0.963539
4.14093e-07, 0.963595
4.13879e-07, 0.963638
4.13665e-07, 0.963663
4.13451e-07, 0.96367
4.13237e-07, 0.963657
4.13023e-07, 0.963624
4.1281e-07, 0.963573
4.12597e-07, 0.963506
4.12384e-07, 0.963427
4.12171e-07, 0.963339
4.11959e-07, 0.963248
4.11747e-07, 0.963159
4.11535e-07, 0.963076
4.11323e-07, 0.963003
4.11111e-07, 0.962944
4.109e-07, 0.962902
4.10689e-07, 0.962879
4.10478e-07, 0.962875
4.10267e-07, 0.962889
4.10056e-07, 0.962919
4.09846e-07, 0.962964
4.09636e-07, 0.963018
4.09426e-07, 0.963077
4.09217e-07, 0.963137
4.09007e-07, 0.963193
4.08798e-07, 0.963241
4.08589e-07, 0.963276
4.0838e-07, 0.963295
4.08172e-07, 0.963297
4.07963e-07, 0.96328
4.07755e-07, 0.963244
4.07547e-07, 0.963192
4.07339e-07, 0.963126
4.07132e-07, 0.963048
4.06925e-07, 0.962965
4.06718e-07, 0.96288
4.06511e-07, 0.962798
4.06304e-07, 0.962725
4.06098e-07, 0.962665
4.05891e-07, 0.96262
4.05685e-07, 0.962595
4.05479e-07, 0.962589
4.05274e-07, 0.962604
4.05068e-07, 0.962638
4.04863e-07, 0.962688
4.04658e-07, 0.962751
4.04453e-07, 0.962823
4.04249e-07, 0.962898
4.04044e-07, 0.962971
4.0384e-07, 0.963036
4.03636e-07, 0.963089
4.03433e-07, 0.963124
4.03229e-07, 0.96314
4.03026e-07, 0.963132
4.02823e-07, 0.963102
4.0262e-07, 0.963048
4.02417e-07, 0.962974
4.02214e-07, 0.962882
4.02012e-07, 0.962777
4.0181e-07, 0.962665
4.01608e-07, 0.96255
4.01406e-07, 0.96244
4.01205e-07, 0.96234
4.01004e-07, 0.962255
4.00802e-07, 0.962191
4.00602e-07, 0.962149
4.00401e-07, 0.962133
4.002e-07, 0.962143
4e-07, 0.962177